% time	cellId	IMSI	RNTI	sinrLinear	componentCarrierId
0.041	1	2	1	1.76517e+06	0
0.042	1	1	2	1.76517e+06	0
0.081	1	2	1	1.76517e+06	0
0.082	1	1	2	1.76517e+06	0
0.121	1	2	1	1.76517e+06	0
0.122	1	1	2	1.76517e+06	0
0.161	1	2	1	1.76517e+06	0
0.162	1	1	2	1.76517e+06	0
0.201	1	2	1	1.76517e+06	0
0.202	1	1	2	1.76517e+06	0
0.241	1	2	1	1.76517e+06	0
0.242	1	1	2	1.76517e+06	0
0.281	1	2	1	1.76517e+06	0
0.282	1	1	2	1.76517e+06	0
0.321	1	2	1	1.76517e+06	0
0.322	1	1	2	1.76517e+06	0
0.361	1	2	1	1.76517e+06	0
0.362	1	1	2	1.76517e+06	0
0.401	1	2	1	1.76517e+06	0
0.402	1	1	2	1.76517e+06	0
0.441	1	2	1	1.76517e+06	0
0.442	1	1	2	1.76517e+06	0
0.481	1	2	1	1.76517e+06	0
0.482	1	1	2	1.76517e+06	0
0.521	1	2	1	1.76517e+06	0
0.522	1	1	2	1.76517e+06	0
0.561	1	2	1	1.76517e+06	0
0.562	1	1	2	1.76517e+06	0
0.601	1	2	1	1.76517e+06	0
0.602	1	1	2	1.76517e+06	0
0.641	1	2	1	1.76517e+06	0
0.642	1	1	2	1.76517e+06	0
0.681	1	2	1	1.76517e+06	0
0.682	1	1	2	1.76517e+06	0
0.721	1	2	1	1.76517e+06	0
0.722	1	1	2	1.76517e+06	0
0.761	1	2	1	1.76517e+06	0
0.762	1	1	2	1.76517e+06	0
0.801	1	2	1	1.76517e+06	0
0.802	1	1	2	1.76517e+06	0
0.841	1	2	1	1.76517e+06	0
0.842	1	1	2	1.76517e+06	0
0.881	1	2	1	1.76517e+06	0
0.882	1	1	2	1.76517e+06	0
0.921	1	2	1	1.76517e+06	0
0.922	1	1	2	1.76517e+06	0
0.961	1	2	1	1.76517e+06	0
0.962	1	1	2	1.76517e+06	0
1.001	1	2	1	1.76517e+06	0
1.002	1	1	2	1.76517e+06	0
1.041	1	2	1	1.76517e+06	0
1.042	1	1	2	1.76517e+06	0
1.081	1	2	1	1.76517e+06	0
1.082	1	1	2	1.76517e+06	0
1.121	1	2	1	1.76517e+06	0
1.122	1	1	2	1.76517e+06	0
1.161	1	2	1	1.76517e+06	0
1.162	1	1	2	1.76517e+06	0
1.201	1	2	1	1.76517e+06	0
1.202	1	1	2	1.76517e+06	0
1.241	1	2	1	1.76517e+06	0
1.242	1	1	2	1.76517e+06	0
1.281	1	2	1	1.76517e+06	0
1.282	1	1	2	1.76517e+06	0
1.321	1	2	1	1.76517e+06	0
1.322	1	1	2	1.76517e+06	0
1.361	1	2	1	1.76517e+06	0
1.362	1	1	2	1.76517e+06	0
1.401	1	2	1	1.76517e+06	0
1.402	1	1	2	1.76517e+06	0
1.441	1	2	1	1.76517e+06	0
1.442	1	1	2	1.76517e+06	0
1.481	1	2	1	1.76517e+06	0
1.482	1	1	2	1.76517e+06	0
1.521	1	2	1	1.76517e+06	0
1.522	1	1	2	1.76517e+06	0
1.561	1	2	1	1.76517e+06	0
1.562	1	1	2	1.76517e+06	0
1.601	1	2	1	1.76517e+06	0
1.602	1	1	2	1.76517e+06	0
1.641	1	2	1	1.76517e+06	0
1.642	1	1	2	1.76517e+06	0
1.681	1	2	1	1.76517e+06	0
1.682	1	1	2	1.76517e+06	0
1.721	1	2	1	1.76517e+06	0
1.722	1	1	2	1.76517e+06	0
1.761	1	2	1	1.76517e+06	0
1.762	1	1	2	1.76517e+06	0
1.801	1	2	1	1.76517e+06	0
1.802	1	1	2	1.76517e+06	0
1.841	1	2	1	1.76517e+06	0
1.842	1	1	2	1.76517e+06	0
1.881	1	2	1	1.76517e+06	0
1.882	1	1	2	1.76517e+06	0
1.921	1	2	1	1.76517e+06	0
1.922	1	1	2	1.76517e+06	0
1.961	1	2	1	1.76517e+06	0
1.962	1	1	2	1.76517e+06	0
2.001	1	2	1	1.76517e+06	0
2.002	1	1	2	1.76517e+06	0
2.041	1	2	1	1.76517e+06	0
2.042	1	1	2	1.76517e+06	0
2.081	1	2	1	1.76517e+06	0
2.082	1	1	2	1.76517e+06	0
2.121	1	2	1	1.76517e+06	0
2.122	1	1	2	1.76517e+06	0
2.161	1	2	1	1.76517e+06	0
2.162	1	1	2	1.76517e+06	0
2.201	1	2	1	1.76517e+06	0
2.202	1	1	2	1.76517e+06	0
2.241	1	2	1	1.76517e+06	0
2.242	1	1	2	1.76517e+06	0
2.281	1	2	1	1.76517e+06	0
2.282	1	1	2	1.76517e+06	0
2.321	1	2	1	1.76517e+06	0
2.322	1	1	2	1.76517e+06	0
2.361	1	2	1	1.76517e+06	0
2.362	1	1	2	1.76517e+06	0
2.401	1	2	1	1.76517e+06	0
2.402	1	1	2	1.76517e+06	0
2.441	1	2	1	1.76517e+06	0
2.442	1	1	2	1.76517e+06	0
2.481	1	2	1	1.76517e+06	0
2.482	1	1	2	1.76517e+06	0
2.521	1	2	1	1.76517e+06	0
2.522	1	1	2	1.76517e+06	0
2.561	1	2	1	1.76517e+06	0
2.562	1	1	2	1.76517e+06	0
2.601	1	2	1	1.76517e+06	0
2.602	1	1	2	1.76517e+06	0
2.641	1	2	1	1.76517e+06	0
2.642	1	1	2	1.76517e+06	0
2.681	1	2	1	1.76517e+06	0
2.682	1	1	2	1.76517e+06	0
2.721	1	2	1	1.76517e+06	0
2.722	1	1	2	1.76517e+06	0
2.761	1	2	1	1.76517e+06	0
2.762	1	1	2	1.76517e+06	0
2.801	1	2	1	1.76517e+06	0
2.802	1	1	2	1.76517e+06	0
2.841	1	2	1	1.76517e+06	0
2.842	1	1	2	1.76517e+06	0
2.881	1	2	1	1.76517e+06	0
2.882	1	1	2	1.76517e+06	0
2.921	1	2	1	1.76517e+06	0
2.922	1	1	2	1.76517e+06	0
2.961	1	2	1	1.76517e+06	0
2.962	1	1	2	1.76517e+06	0
3.001	1	2	1	1.76517e+06	0
3.002	1	1	2	1.76517e+06	0
3.041	1	2	1	1.76517e+06	0
3.042	1	1	2	1.76517e+06	0
3.081	1	2	1	1.76517e+06	0
3.082	1	1	2	1.76517e+06	0
3.121	1	2	1	1.76517e+06	0
3.122	1	1	2	1.76517e+06	0
3.161	1	2	1	1.76517e+06	0
3.162	1	1	2	1.76517e+06	0
3.201	1	2	1	1.76517e+06	0
3.202	1	1	2	1.76517e+06	0
3.241	1	2	1	1.76517e+06	0
3.242	1	1	2	1.76517e+06	0
3.281	1	2	1	1.76517e+06	0
3.282	1	1	2	1.76517e+06	0
3.321	1	2	1	1.76517e+06	0
3.322	1	1	2	1.76517e+06	0
3.361	1	2	1	1.76517e+06	0
3.362	1	1	2	1.76517e+06	0
3.401	1	2	1	1.76517e+06	0
3.402	1	1	2	1.76517e+06	0
3.441	1	2	1	1.76517e+06	0
3.442	1	1	2	1.76517e+06	0
3.481	1	2	1	1.76517e+06	0
3.482	1	1	2	1.76517e+06	0
3.521	1	2	1	1.76517e+06	0
3.522	1	1	2	1.76517e+06	0
3.561	1	2	1	1.76517e+06	0
3.562	1	1	2	1.76517e+06	0
3.601	1	2	1	1.76517e+06	0
3.602	1	1	2	1.76517e+06	0
3.641	1	2	1	1.76517e+06	0
3.642	1	1	2	1.76517e+06	0
3.681	1	2	1	1.76517e+06	0
3.682	1	1	2	1.76517e+06	0
3.721	1	2	1	1.76517e+06	0
3.722	1	1	2	1.76517e+06	0
3.761	1	2	1	1.76517e+06	0
3.762	1	1	2	1.76517e+06	0
3.801	1	2	1	1.76517e+06	0
3.802	1	1	2	1.76517e+06	0
3.841	1	2	1	1.76517e+06	0
3.842	1	1	2	1.76517e+06	0
3.881	1	2	1	1.76517e+06	0
3.882	1	1	2	1.76517e+06	0
3.921	1	2	1	1.76517e+06	0
3.922	1	1	2	1.76517e+06	0
3.961	1	2	1	1.76517e+06	0
3.962	1	1	2	1.76517e+06	0
4.001	1	2	1	1.76517e+06	0
4.002	1	1	2	1.76517e+06	0
4.041	1	2	1	1.76517e+06	0
4.042	1	1	2	1.76517e+06	0
4.081	1	2	1	1.76517e+06	0
4.082	1	1	2	1.76517e+06	0
4.121	1	2	1	1.76517e+06	0
4.122	1	1	2	1.76517e+06	0
4.161	1	2	1	1.76517e+06	0
4.162	1	1	2	1.76517e+06	0
4.201	1	2	1	1.76517e+06	0
4.202	1	1	2	1.76517e+06	0
4.241	1	2	1	1.76517e+06	0
4.242	1	1	2	1.76517e+06	0
4.281	1	2	1	1.76517e+06	0
4.282	1	1	2	1.76517e+06	0
4.321	1	2	1	1.76517e+06	0
4.322	1	1	2	1.76517e+06	0
4.361	1	2	1	1.76517e+06	0
4.362	1	1	2	1.76517e+06	0
4.401	1	2	1	1.76517e+06	0
4.402	1	1	2	1.76517e+06	0
4.441	1	2	1	1.76517e+06	0
4.442	1	1	2	1.76517e+06	0
4.481	1	2	1	1.76517e+06	0
4.482	1	1	2	1.76517e+06	0
4.521	1	2	1	1.76517e+06	0
4.522	1	1	2	1.76517e+06	0
4.561	1	2	1	1.76517e+06	0
4.562	1	1	2	1.76517e+06	0
4.601	1	2	1	1.76517e+06	0
4.602	1	1	2	1.76517e+06	0
4.641	1	2	1	1.76517e+06	0
4.642	1	1	2	1.76517e+06	0
4.681	1	2	1	1.76517e+06	0
4.682	1	1	2	1.76517e+06	0
4.721	1	2	1	1.76517e+06	0
4.722	1	1	2	1.76517e+06	0
4.761	1	2	1	1.76517e+06	0
4.762	1	1	2	1.76517e+06	0
4.801	1	2	1	1.76517e+06	0
4.802	1	1	2	1.76517e+06	0
4.841	1	2	1	1.76517e+06	0
4.842	1	1	2	1.76517e+06	0
4.881	1	2	1	1.76517e+06	0
4.882	1	1	2	1.76517e+06	0
4.921	1	2	1	1.76517e+06	0
4.922	1	1	2	1.76517e+06	0
4.961	1	2	1	1.76517e+06	0
4.962	1	1	2	1.76517e+06	0
5.001	1	2	1	1.76517e+06	0
5.002	1	1	2	1.76517e+06	0
5.041	1	2	1	1.76517e+06	0
5.042	1	1	2	1.76517e+06	0
5.081	1	2	1	1.76517e+06	0
5.082	1	1	2	1.76517e+06	0
5.121	1	2	1	1.76517e+06	0
5.122	1	1	2	1.76517e+06	0
5.161	1	2	1	1.76517e+06	0
5.162	1	1	2	1.76517e+06	0
5.201	1	2	1	1.76517e+06	0
5.202	1	1	2	1.76517e+06	0
5.241	1	2	1	1.76517e+06	0
5.242	1	1	2	1.76517e+06	0
5.281	1	2	1	1.76517e+06	0
5.282	1	1	2	1.76517e+06	0
5.321	1	2	1	1.76517e+06	0
5.322	1	1	2	1.76517e+06	0
5.361	1	2	1	1.76517e+06	0
5.362	1	1	2	1.76517e+06	0
5.401	1	2	1	1.76517e+06	0
5.402	1	1	2	1.76517e+06	0
5.441	1	2	1	1.76517e+06	0
5.442	1	1	2	1.76517e+06	0
5.481	1	2	1	1.76517e+06	0
5.482	1	1	2	1.76517e+06	0
5.521	1	2	1	1.76517e+06	0
5.522	1	1	2	1.76517e+06	0
5.561	1	2	1	1.76517e+06	0
5.562	1	1	2	1.76517e+06	0
5.601	1	2	1	1.76517e+06	0
5.602	1	1	2	1.76517e+06	0
5.641	1	2	1	1.76517e+06	0
5.642	1	1	2	1.76517e+06	0
5.681	1	2	1	1.76517e+06	0
5.682	1	1	2	1.76517e+06	0
5.721	1	2	1	1.76517e+06	0
5.722	1	1	2	1.76517e+06	0
5.761	1	2	1	1.76517e+06	0
5.762	1	1	2	1.76517e+06	0
5.801	1	2	1	1.76517e+06	0
5.802	1	1	2	1.76517e+06	0
5.841	1	2	1	1.76517e+06	0
5.842	1	1	2	1.76517e+06	0
5.881	1	2	1	1.76517e+06	0
5.882	1	1	2	1.76517e+06	0
5.921	1	2	1	1.76517e+06	0
5.922	1	1	2	1.76517e+06	0
5.961	1	2	1	1.76517e+06	0
5.962	1	1	2	1.76517e+06	0
6.001	1	2	1	1.76517e+06	0
6.002	1	1	2	1.76517e+06	0
6.041	1	2	1	1.76517e+06	0
6.042	1	1	2	1.76517e+06	0
6.081	1	2	1	1.76517e+06	0
6.082	1	1	2	1.76517e+06	0
6.121	1	2	1	1.76517e+06	0
6.122	1	1	2	1.76517e+06	0
6.161	1	2	1	1.76517e+06	0
6.162	1	1	2	1.76517e+06	0
6.201	1	2	1	1.76517e+06	0
6.202	1	1	2	1.76517e+06	0
6.241	1	2	1	1.76517e+06	0
6.242	1	1	2	1.76517e+06	0
6.281	1	2	1	1.76517e+06	0
6.282	1	1	2	1.76517e+06	0
6.321	1	2	1	1.76517e+06	0
6.322	1	1	2	1.76517e+06	0
6.361	1	2	1	1.76517e+06	0
6.362	1	1	2	1.76517e+06	0
6.401	1	2	1	1.76517e+06	0
6.402	1	1	2	1.76517e+06	0
6.441	1	2	1	1.76517e+06	0
6.442	1	1	2	1.76517e+06	0
6.481	1	2	1	1.76517e+06	0
6.482	1	1	2	1.76517e+06	0
6.521	1	2	1	1.76517e+06	0
6.522	1	1	2	1.76517e+06	0
6.561	1	2	1	1.76517e+06	0
6.562	1	1	2	1.76517e+06	0
6.601	1	2	1	1.76517e+06	0
6.602	1	1	2	1.76517e+06	0
6.641	1	2	1	1.76517e+06	0
6.642	1	1	2	1.76517e+06	0
6.681	1	2	1	1.76517e+06	0
6.682	1	1	2	1.76517e+06	0
6.721	1	2	1	1.76517e+06	0
6.722	1	1	2	1.76517e+06	0
6.761	1	2	1	1.76517e+06	0
6.762	1	1	2	1.76517e+06	0
6.801	1	2	1	1.76517e+06	0
6.802	1	1	2	1.76517e+06	0
6.841	1	2	1	1.76517e+06	0
6.842	1	1	2	1.76517e+06	0
6.881	1	2	1	1.76517e+06	0
6.882	1	1	2	1.76517e+06	0
6.921	1	2	1	1.76517e+06	0
6.922	1	1	2	1.76517e+06	0
6.961	1	2	1	1.76517e+06	0
6.962	1	1	2	1.76517e+06	0
7.001	1	2	1	1.76517e+06	0
7.002	1	1	2	1.76517e+06	0
7.041	1	2	1	1.76517e+06	0
7.042	1	1	2	1.76517e+06	0
7.081	1	2	1	1.76517e+06	0
7.082	1	1	2	1.76517e+06	0
7.121	1	2	1	1.76517e+06	0
7.122	1	1	2	1.76517e+06	0
7.161	1	2	1	1.76517e+06	0
7.162	1	1	2	1.76517e+06	0
7.201	1	2	1	1.76517e+06	0
7.202	1	1	2	1.76517e+06	0
7.241	1	2	1	1.76517e+06	0
7.242	1	1	2	1.76517e+06	0
7.281	1	2	1	1.76517e+06	0
7.282	1	1	2	1.76517e+06	0
7.321	1	2	1	1.76517e+06	0
7.322	1	1	2	1.76517e+06	0
7.361	1	2	1	1.76517e+06	0
7.362	1	1	2	1.76517e+06	0
7.401	1	2	1	1.76517e+06	0
7.402	1	1	2	1.76517e+06	0
7.441	1	2	1	1.76517e+06	0
7.442	1	1	2	1.76517e+06	0
7.481	1	2	1	1.76517e+06	0
7.482	1	1	2	1.76517e+06	0
7.521	1	2	1	1.76517e+06	0
7.522	1	1	2	1.76517e+06	0
7.561	1	2	1	1.76517e+06	0
7.562	1	1	2	1.76517e+06	0
7.601	1	2	1	1.76517e+06	0
7.602	1	1	2	1.76517e+06	0
7.641	1	2	1	1.76517e+06	0
7.642	1	1	2	1.76517e+06	0
7.681	1	2	1	1.76517e+06	0
7.682	1	1	2	1.76517e+06	0
7.721	1	2	1	1.76517e+06	0
7.722	1	1	2	1.76517e+06	0
7.761	1	2	1	1.76517e+06	0
7.762	1	1	2	1.76517e+06	0
7.801	1	2	1	1.76517e+06	0
7.802	1	1	2	1.76517e+06	0
7.841	1	2	1	1.76517e+06	0
7.842	1	1	2	1.76517e+06	0
7.881	1	2	1	1.76517e+06	0
7.882	1	1	2	1.76517e+06	0
7.921	1	2	1	1.76517e+06	0
7.922	1	1	2	1.76517e+06	0
7.961	1	2	1	1.76517e+06	0
7.962	1	1	2	1.76517e+06	0
8.001	1	2	1	1.76517e+06	0
8.002	1	1	2	1.76517e+06	0
8.041	1	2	1	1.76517e+06	0
8.042	1	1	2	1.76517e+06	0
8.081	1	2	1	1.76517e+06	0
8.082	1	1	2	1.76517e+06	0
8.121	1	2	1	1.76517e+06	0
8.122	1	1	2	1.76517e+06	0
8.161	1	2	1	1.76517e+06	0
8.162	1	1	2	1.76517e+06	0
8.201	1	2	1	1.76517e+06	0
8.202	1	1	2	1.76517e+06	0
8.241	1	2	1	1.76517e+06	0
8.242	1	1	2	1.76517e+06	0
8.281	1	2	1	1.76517e+06	0
8.282	1	1	2	1.76517e+06	0
8.321	1	2	1	1.76517e+06	0
8.322	1	1	2	1.76517e+06	0
8.361	1	2	1	1.76517e+06	0
8.362	1	1	2	1.76517e+06	0
8.401	1	2	1	1.76517e+06	0
8.402	1	1	2	1.76517e+06	0
8.441	1	2	1	1.76517e+06	0
8.442	1	1	2	1.76517e+06	0
8.481	1	2	1	1.76517e+06	0
8.482	1	1	2	1.76517e+06	0
8.521	1	2	1	1.76517e+06	0
8.522	1	1	2	1.76517e+06	0
8.561	1	2	1	1.76517e+06	0
8.562	1	1	2	1.76517e+06	0
8.601	1	2	1	1.76517e+06	0
8.602	1	1	2	1.76517e+06	0
8.641	1	2	1	1.76517e+06	0
8.642	1	1	2	1.76517e+06	0
8.681	1	2	1	1.76517e+06	0
8.682	1	1	2	1.76517e+06	0
8.721	1	2	1	1.76517e+06	0
8.722	1	1	2	1.76517e+06	0
8.761	1	2	1	1.76517e+06	0
8.762	1	1	2	1.76517e+06	0
8.801	1	2	1	1.76517e+06	0
8.802	1	1	2	1.76517e+06	0
8.841	1	2	1	1.76517e+06	0
8.842	1	1	2	1.76517e+06	0
8.881	1	2	1	1.76517e+06	0
8.882	1	1	2	1.76517e+06	0
8.921	1	2	1	1.76517e+06	0
8.922	1	1	2	1.76517e+06	0
8.961	1	2	1	1.76517e+06	0
8.962	1	1	2	1.76517e+06	0
9.001	1	2	1	1.76517e+06	0
9.002	1	1	2	1.76517e+06	0
9.041	1	2	1	1.76517e+06	0
9.042	1	1	2	1.76517e+06	0
9.081	1	2	1	1.76517e+06	0
9.082	1	1	2	1.76517e+06	0
9.121	1	2	1	1.76517e+06	0
9.122	1	1	2	1.76517e+06	0
9.161	1	2	1	1.76517e+06	0
9.162	1	1	2	1.76517e+06	0
9.201	1	2	1	1.76517e+06	0
9.202	1	1	2	1.76517e+06	0
9.241	1	2	1	1.76517e+06	0
9.242	1	1	2	1.76517e+06	0
9.281	1	2	1	1.76517e+06	0
9.282	1	1	2	1.76517e+06	0
9.321	1	2	1	1.76517e+06	0
9.322	1	1	2	1.76517e+06	0
9.361	1	2	1	1.76517e+06	0
9.362	1	1	2	1.76517e+06	0
9.401	1	2	1	1.76517e+06	0
9.402	1	1	2	1.76517e+06	0
9.441	1	2	1	1.76517e+06	0
9.442	1	1	2	1.76517e+06	0
9.481	1	2	1	1.76517e+06	0
9.482	1	1	2	1.76517e+06	0
9.521	1	2	1	1.76517e+06	0
9.522	1	1	2	1.76517e+06	0
9.561	1	2	1	1.76517e+06	0
9.562	1	1	2	1.76517e+06	0
9.601	1	2	1	1.76517e+06	0
9.602	1	1	2	1.76517e+06	0
9.641	1	2	1	1.76517e+06	0
9.642	1	1	2	1.76517e+06	0
9.681	1	2	1	1.76517e+06	0
9.682	1	1	2	1.76517e+06	0
9.721	1	2	1	1.76517e+06	0
9.722	1	1	2	1.76517e+06	0
9.761	1	2	1	1.76517e+06	0
9.762	1	1	2	1.76517e+06	0
9.801	1	2	1	1.76517e+06	0
9.802	1	1	2	1.76517e+06	0
9.841	1	2	1	1.76517e+06	0
9.842	1	1	2	1.76517e+06	0
9.881	1	2	1	1.76517e+06	0
9.882	1	1	2	1.76517e+06	0
9.921	1	2	1	1.76517e+06	0
9.922	1	1	2	1.76517e+06	0
9.961	1	2	1	1.76517e+06	0
9.962	1	1	2	1.76517e+06	0
